    unsorted:	 1542.854407 1604.512259 1674.130246 1784.498910 1431.754775 1264.187342 1138.709027 949.8594062 898.0106584 764.0301285 707.8222144 646.4887810 612.5470308 500.0847647 434.5030900 2044.686528 2005.206847 2150.245377 2350.809551 2462.494003 159.7806180 91.00478750 42.17309391 26.00510079 7.185872084 2610.196069 2750.567868 2993.172450 3115.589502 3474.616896 3762.778139 4231.118955 4819.995302 6393.905448 16930.90447 28164.56323 29205.08757 30288.79795 31822.38337 24754.16241 32991.66876 34282.92008 36956.18923 38401.62179 40254.18255 47454.27635 49389.35472 54015.97901 56019.21668 57787.91876 58948.82261 59848.87079 66245.18021 68638.93353 80576.70027 92570.15214 102152.0209 102393.2263 106018.7954 135058.7384 169050.1852 189334.8890
      sorted:	 7.185872084 26.00510079 42.17309391 91.00478750 159.7806180 434.5030900 500.0847647 612.5470308 646.4887810 707.8222144 764.0301285 898.0106584 949.8594062 1138.709027 1264.187342 1431.754775 1542.854407 1604.512259 1674.130246 1784.498910 2005.206847 2044.686528 2150.245377 2350.809551 2462.494003 2610.196069 2750.567868 2993.172450 3115.589502 3474.616896 3762.778139 4231.118955 4819.995302 6393.905448 16930.90447 24754.16241 28164.56323 29205.08757 30288.79795 31822.38337 32991.66876 34282.92008 36956.18923 38401.62179 40254.18255 47454.27635 49389.35472 54015.97901 56019.21668 57787.91876 58948.82261 59848.87079 66245.18021 68638.93353 80576.70027 92570.15214 102152.0209 102393.2263 106018.7954 135058.7384 169050.1852 189334.8890
